1 25 5 2017-9-11-13:1:28
2 25 5 2017-9-12-13:1:28
3 25 5 2017-9-13-13:1:28
4 25 5 2017-9-14-13:1:28
1 15 5 2017-9-15-13:1:28
2 15 4 2017-9-16-13:1:28
3 15 3 2017-9-17-13:1:28
4 15 5 2017-9-18-13:1:28
1 24 5 2017-9-19-13:1:28
2 24 4 2017-9-20-13:1:28
3 24 5 2017-9-21-13:1:28
4 24 3 2017-9-22-13:1:28
1 14 5 2017-9-23-13:1:28
2 14 4 2017-9-23-13:1:28
3 14 3 2017-9-21-13:1:28
4 14 5 2017-9-12-13:1:28
1 23 5 2017-9-13-13:1:28
2 23 4 2017-9-14-13:1:28
3 23 5 2017-9-15-13:1:28
4 23 3 2017-9-16-13:1:28
1 12 5 2017-9-17-13:1:28
2 12 4 2017-9-18-13:1:28
3 12 3 2017-9-19-13:1:28
4 12 5 2017-9-12-13:1:28
1 1 5 2017-9-11-13:1:28
2 1 4 2017-9-12-13:1:28
3 1 3 2017-9-13-13:1:28
4 1 5 2017-9-14-13:1:28
1 2 5 2017-9-15-13:1:28
2 2 4 2017-9-16-13:1:28
3 2 3 2017-9-17-13:1:28
4 2 5 2017-9-18-13:1:28
1 3 5 2017-9-19-13:1:28
2 3 4 2017-9-20-13:1:28
3 3 3 2017-9-11-13:1:28
4 3 3 2017-9-12-13:1:28
5 3 2 2017-9-12-13:1:28
5 25 4 2017-9-12-13:1:29
5 24 4 2017-9-12-13:1:30
5 16 4 2017-9-12-13:1:21
6 12 5 2017-9-12-13:1:21
6 13 5 2017-9-12-13:1:21
6 14 5 2017-9-12-13:1:21
6 15 5 2017-9-12-13:1:21
6 17 5 2017-9-12-13:1:21
6 18 5 2017-9-12-13:1:21
6 19 5 2017-9-12-13:1:21
6 20 5 2017-9-12-13:1:21
6 21 5 2017-9-12-13:1:21
6 22 5 2017-9-12-13:1:21
6 23 5 2017-9-12-13:1:21
6 24 5 2017-9-12-13:1:21
6 25 5 2017-9-12-13:1:21
6 1 5 2017-9-12-13:1:21
6 8 5 2017-9-12-13:1:21
6 10 5 2017-9-12-13:1:21
4 18 -1 2017-9-12-13:1:21